3 5.097560975609756 121.97560975609755
74 2.7320261437908497 65.37254901960785
144 1.8744394618834082 44.85201793721973
214 1.4266211604095562 34.136518771331055
284 1.1515151515151516 27.553719008264462
354 0.9653579676674365 23.099307159353348
424 0.831013916500994 19.88469184890656
494 0.7294938917975567 17.455497382198953
564 0.6500777604976672 15.555209953343702
634 0.5862552594670407 14.02805049088359
704 0.5338441890166028 12.773946360153257
774 0.4900351699882767 11.72567409144197
844 0.4528710725893825 10.836403033586132
914 0.4209466263846928 10.072507552870091
984 0.3932267168391345 9.409219190968956
1054 0.36893203883495146 8.827890556045896
1124 0.34746467165419787 8.314214463840399
1194 0.3283582089552239 7.857030636292223
1264 0.31124348473566643 7.447505584512286
1334 0.29582448690728946 7.078556263269639
1404 0.2818610923803102 6.744436952124073
1474 0.26915647134578236 6.440437862202189
1544 0.2575477510782502 6.162661737523106
1614 0.24689899586532782 5.907855877141169
1684 0.23709585933068633 5.6732841747022125
1754 0.22804146208401527 5.456628477905074
1824 0.21965317919075145 5.255911718339464
1894 0.21186011150532186 5.069437404967055
1964 0.20460107684777287 4.895741556534508
2034 0.19782300047326076 4.733554188357785
2104 0.19147961520842877 4.581768208886853
2174 0.18553040390590325 4.439414114513982
2244 0.17993973310374517 4.305639259578132
2314 0.1746761387379858 4.179690764730464
2384 0.1697117336581405 4.060901339829476
2454 0.1650217133833399 3.9486774575602053
2524 0.16058394160583941 3.842489435267
2594 0.15637860082304528 3.7418630751964086
2664 0.15238789646372586 3.6463725847612105
2734 0.14859580519018842 3.555634553857092
2804 0.14498785986819285 3.469302809573361
2874 0.14155096512021673 3.3870640027091095
2944 0.13827323850479656 3.308633807476017
3014 0.13514387326220498 3.233753637245393
3084 0.13215301928548845 3.162187796395827
3154 0.12929167955459325 3.0937210021651715
3224 0.12655161973963064 3.028156221616712
3294 0.12392528906018381 2.9653127779424846
3364 0.12140575079872204 2.9050246877722916
3434 0.11898662112154854 2.847139197267293
3504 0.11666201507116941 2.7915154898130057
3574 0.11442649876813578 2.738023542294005
3644 0.1122750470051034 2.686543110394843
3714 0.11020300553651463 2.6369628262588978
3784 0.10820605746828889 2.589179394253171
3854 0.10628019323671498 2.5430968726163234
3924 0.1044216837371971 2.498626030477142
3994 0.10262705622391358 2.4556837711760373
4064 0.10089307265266714 2.4141926140477916
4134 0.09921671018276762 2.374080227866129
4204 0.09759514359094093 2.3352790100396916
4274 0.09602572938203538 2.297725706409373
4344 0.09450599140854624 2.261361067148994
4414 0.09303360783440907 2.2261295348319607
4484 0.091606399298707 2.1919789612097302
4554 0.09022231815238506 2.1588603496654435
4624 0.08887943865617691 2.126727620667659
4694 0.08757594804106432 2.095537397862979
4764 0.08631013834400166 2.0652488127193886
4834 0.08508039894158355 2.0358233258701404
4904 0.08388520971302428 2.0072245635159542
4974 0.08272313477142292 1.979418167425292